231.8	0.013	-0.0023 	-0.0017 	0.0000 	50.03 	1 	00000001	2015-11-3010: 0:16.422
234.2	0.013	-0.0024 	-0.0018 	0.0000 	50.02 	2 	00000002	2015-11-3013:57: 8. 12
233.2	0.013	-0.0024 	-0.0018 	0.0000 	50.03 	2 	00000002	2015-11-3013:57:13. 13
0.0	0.000	-0.0000 	-0.0000 	0.0000 	0.00 	5 	00000005	2015-11-3013:57:13. 13
0.0	0.000	-0.0000 	0.0000 	0.0000 	0.00 	25 	00000025	2015-11-3013:57:13. 13
232.9	0.013	-0.0023 	-0.0017 	0.0000 	50.03 	2 	00000002	2015-11-3013:57:18. 14
0.0	0.000	-0.0000 	0.0000 	0.0000 	0.00 	5 	00000005	2015-11-3013:57:18. 14
0.0	0.000	-0.0000 	-0.0000 	0.0000 	0.00 	25 	00000025	2015-11-3013:57:18. 14
233.9	0.013	-0.0024 	-0.0018 	0.0000 	50.03 	2 	00000002	2015-11-3013:57:23. 16
0.0	0.000	-0.0000 	0.0000 	0.0000 	0.00 	5 	00000005	2015-11-3013:57:23. 16
0.0	0.000	-0.0000 	-0.0000 	0.0000 	0.00 	25 	00000025	2015-11-3013:57:23. 16
233.3	0.013	-0.0024 	-0.0017 	0.0000 	50.03 	1 	00000001	2015-11-3013:57:28. 17
233.2	0.013	-0.0024 	-0.0017 	0.0000 	50.03 	2 	00000002	2015-11-3013:57:28. 17
0.0	0.000	-0.0000 	-0.0000 	0.0000 	0.00 	5 	00000005	2015-11-3013:57:28. 17
0.0	0.000	-0.0000 	0.0000 	0.0000 	0.00 	25 	00000025	2015-11-3013:57:28. 18
234.2	0.013	-0.0024 	-0.0017 	0.0000 	50.03 	1 	00000001	2015-11-3013:57:33. 19
233.6	0.013	-0.0024 	-0.0017 	0.0000 	50.02 	2 	00000002	2015-11-3013:57:33. 19
0.0	0.000	-0.0000 	0.0000 	0.0000 	0.00 	5 	00000005	2015-11-3013:57:33. 19
0.0	0.000	-0.0000 	-0.0000 	0.0000 	0.00 	25 	00000025	2015-11-3013:57:33. 20
234.0	0.013	-0.0024 	-0.0017 	0.0000 	50.02 	1 	00000001	2015-11-3013:57:38. 22
233.9	0.013	-0.0024 	-0.0018 	0.0000 	50.02 	2 	00000002	2015-11-3013:57:38. 22
0.0	0.000	-0.0000 	-0.0000 	0.0000 	0.00 	5 	00000005	2015-11-3013:57:38. 22
0.0	0.000	-0.0000 	0.0000 	0.0000 	0.00 	25 	00000025	2015-11-3013:57:38. 23
233.5	0.013	-0.0024 	-0.0017 	0.0000 	50.01 	1 	00000001	2015-11-3013:57:43. 24
234.3	0.013	-0.0024 	-0.0018 	0.0000 	50.02 	2 	00000002	2015-11-3013:57:43. 25
0.0	0.000	-0.0000 	-0.0000 	0.0000 	0.00 	5 	00000005	2015-11-3013:57:43. 25
0.0	0.000	-0.0000 	0.0000 	0.0000 	0.00 	25 	00000025	2015-11-3013:57:43. 26
234.0	0.013	-0.0024 	-0.0017 	0.0000 	50.01 	1 	00000001	2015-11-3013:57:48. 11
234.1	0.013	-0.0024 	-0.0018 	0.0000 	50.01 	2 	00000002	2015-11-3013:57:48. 11
0.0	0.000	-0.0000 	-0.0000 	0.0000 	0.00 	5 	00000005	2015-11-3013:57:48. 11
0.0	0.000	-0.0000 	-0.0000 	0.0000 	0.00 	25 	00000025	2015-11-3013:57:48. 12
234.1	0.013	-0.0024 	-0.0017 	0.0000 	49.99 	1 	00000001	2015-11-3013:57:53. 13
234.2	0.013	-0.0024 	-0.0018 	0.0000 	50.00 	2 	00000002	2015-11-3013:57:53. 13
0.0	0.000	-0.0000 	-0.0000 	0.0000 	0.00 	5 	00000005	2015-11-3013:57:53. 13
0.0	0.000	-0.0000 	-0.0000 	0.0000 	0.00 	25 	00000025	2015-11-3013:57:53. 14
233.5	0.013	-0.0024 	-0.0017 	0.0000 	50.01 	1 	00000001	2015-11-3013:57:58. 15
233.6	0.013	-0.0024 	-0.0017 	0.0000 	50.01 	2 	00000002	2015-11-3013:57:58. 15
0.0	0.000	-0.0000 	-0.0000 	0.0000 	0.00 	5 	00000005	2015-11-3013:57:58. 15
0.0	0.000	-0.0000 	-0.0000 	0.0000 	0.00 	25 	00000025	2015-11-3013:57:58. 16
234.1	0.013	-0.0024 	-0.0017 	0.0000 	49.99 	1 	00000001	2015-11-3013:58: 3. 17
234.2	0.013	-0.0024 	-0.0018 	0.0000 	50.00 	2 	00000002	2015-11-3013:58: 3. 17
0.0	0.000	-0.0000 	-0.0000 	0.0000 	0.00 	5 	00000005	2015-11-3013:58: 3. 17
0.0	0.000	-0.0000 	-0.0000 	0.0000 	0.00 	25 	00000025	2015-11-3013:58: 3. 18
233.6	0.013	-0.0024 	-0.0017 	0.0000 	49.98 	1 	00000001	2015-11-3013:58: 8. 19
0.0	0.000	-0.0000 	-0.0000 	0.0000 	0.00 	5 	00000005	2015-11-3013:58: 8. 19
0.0	0.000	-0.0000 	-0.0000 	0.0000 	0.00 	25 	00000025	2015-11-3013:58: 8. 19
233.7	0.013	-0.0024 	-0.0017 	0.0000 	49.98 	1 	00000001	2015-11-3013:58:13. 21
233.8	0.013	-0.0024 	-0.0017 	0.0000 	49.99 	1 	00000001	2015-11-3013:58:18. 22
233.0	0.013	-0.0024 	-0.0017 	0.0000 	49.99 	1 	00000001	2015-11-3013:58:23. 23
0.0	0.000	-0.0000 	-0.0000 	0.0000 	0.00 	20 	00000020	2015-11-3013:58:28. 25
0.0	0.000	-0.0000 	-0.0000 	0.0000 	0.00 	20 	00000020	2015-11-3013:58:33. 26
0.0	0.000	-0.0000 	-0.0000 	0.0000 	0.00 	20 	00000020	2015-11-3013:58:38. 27
0.0	0.000	-0.0000 	-0.0000 	0.0000 	0.00 	20 	00000020	2015-11-3013:58:43. 29
0.0	0.000	-0.0000 	0.0000 	0.0000 	0.00 	20 	00000020	2015-11-3013:58:48. 30
0.0	0.000	-0.0000 	0.0000 	0.0000 	0.00 	20 	00000020	2015-11-3013:58:53. 31
233.0	0.013	-0.0024 	-0.0018 	0.0000 	50.03 	1 	00000001	2015-12- 218:13:20.915
233.2	0.013	-0.0025 	-0.0018 	0.0000 	50.03 	1 	00000001	2015-12- 218:13:25.915
233.4	0.013	-0.0024 	-0.0018 	0.0000 	50.03 	2 	00000002	2015-12- 218:13:25.915
232.9	0.013	-0.0024 	-0.0018 	0.0000 	50.03 	1 	00000001	2015-12- 218:13:30.925
233.1	0.013	-0.0024 	-0.0018 	0.0000 	50.03 	2 	00000002	2015-12- 218:13:30.925
0.0	0.000	-0.0000 	-0.0000 	0.0000 	0.00 	5 	00000005	2015-12- 218:13:30.925
234.2	0.014	-0.0025 	-0.0019 	0.0000 	50.03 	1 	00000001	2015-12- 3 8: 1:20.515
234.1	0.014	-0.0025 	-0.0018 	0.0000 	50.03 	2 	00000002	2015-12- 3 8: 1:20.555
233.6	0.014	-0.0025 	-0.0019 	0.0000 	50.03 	1 	00000001	2015-12- 3 8: 1:25.513
233.4	0.013	-0.0025 	-0.0018 	0.0000 	50.03 	2 	00000002	2015-12- 3 8: 1:25.513
0.0	0.000	-0.0000 	0.0000 	0.0000 	0.00 	3 	00000003	2015-12- 3 8: 1:25.513
0.0	0.000	-0.0000 	-0.0000 	0.0000 	0.00 	4 	00000004	2015-12- 3 8: 1:25.513
234.3	0.014	-0.0025 	-0.0019 	0.0000 	50.03 	1 	00000001	2015-12- 3 8: 1:30.523
233.9	0.013	-0.0025 	-0.0018 	0.0000 	50.03 	2 	00000002	2015-12- 3 8: 1:30.523
0.0	0.000	-0.0000 	0.0000 	0.0000 	0.00 	3 	00000003	2015-12- 3 8: 1:30.523
0.0	0.000	-0.0000 	-0.0000 	0.0000 	0.00 	4 	00000004	2015-12- 3 8: 1:30.523
0.0	0.000	-0.0000 	-0.0000 	0.0000 	0.00 	5 	00000005	2015-12- 3 8: 1:30.523
0.0	0.000	-0.0000 	0.0000 	0.0000 	0.00 	6 	00000006	2015-12- 3 8: 1:30.523
234.3	0.014	-0.0025 	-0.0019 	0.0000 	50.03 	1 	00000001	2015-12- 3 8: 1:35.534
234.2	0.013	-0.0025 	-0.0018 	0.0000 	50.03 	2 	00000002	2015-12- 3 8: 1:35.534
0.0	0.000	-0.0000 	-0.0000 	0.0000 	0.00 	3 	00000003	2015-12- 3 8: 1:35.534
0.0	0.000	-0.0000 	-0.0000 	0.0000 	0.00 	4 	00000004	2015-12- 3 8: 1:35.534
0.0	0.000	-0.0000 	0.0000 	0.0000 	0.00 	5 	00000005	2015-12- 3 8: 1:35.534
0.0	0.000	-0.0000 	-0.0000 	0.0000 	0.00 	6 	00000006	2015-12- 3 8: 1:35.534
0.0	0.000	-0.0000 	-0.0000 	0.0000 	0.00 	7 	00000007	2015-12- 3 8: 1:35.534
233.6	0.014	-0.0025 	-0.0019 	0.0000 	50.02 	1 	00000001	2015-12- 3 8: 1:40.544
233.6	0.013	-0.0025 	-0.0018 	0.0000 	50.01 	2 	00000002	2015-12- 3 8: 1:40.544
0.0	0.000	-0.0000 	0.0000 	0.0000 	0.00 	3 	00000003	2015-12- 3 8: 1:40.544
0.0	0.000	-0.0000 	-0.0000 	0.0000 	0.00 	4 	00000004	2015-12- 3 8: 1:40.544
0.0	0.000	-0.0000 	-0.0000 	0.0000 	0.00 	5 	00000005	2015-12- 3 8: 1:40.544
0.0	0.000	-0.0000 	-0.0000 	0.0000 	0.00 	6 	00000006	2015-12- 3 8: 1:40.544
0.0	0.000	-0.0000 	-0.0000 	0.0000 	0.00 	7 	00000007	2015-12- 3 8: 1:40.544
233.7	0.014	-0.0025 	-0.0019 	0.0000 	50.00 	1 	00000001	2015-12- 3 8: 1:45.554
233.6	0.013	-0.0025 	-0.0018 	0.0000 	50.00 	2 	00000002	2015-12- 3 8: 1:45.554
0.0	0.000	-0.0000 	-0.0000 	0.0000 	0.00 	3 	00000003	2015-12- 3 8: 1:45.554
0.0	0.000	-0.0000 	-0.0000 	0.0000 	0.00 	4 	00000004	2015-12- 3 8: 1:45.554
0.0	0.000	-0.0000 	-0.0000 	0.0000 	0.00 	5 	00000005	2015-12- 3 8: 1:45.554
0.0	0.000	-0.0000 	-0.0000 	0.0000 	0.00 	6 	00000006	2015-12- 3 8: 1:45.554
0.0	0.000	-0.0000 	-0.0000 	0.0000 	0.00 	7 	00000007	2015-12- 3 8: 1:45.554
233.2	0.014	-0.0025 	-0.0019 	0.0000 	49.99 	1 	00000001	2015-12- 3 8: 1:50.564
233.3	0.013	-0.0025 	-0.0018 	0.0000 	49.99 	2 	00000002	2015-12- 3 8: 1:50.564
0.0	0.000	-0.0000 	-0.0000 	0.0000 	0.00 	3 	00000003	2015-12- 3 8: 1:50.564
0.0	0.000	-0.0000 	-0.0000 	0.0000 	0.00 	4 	00000004	2015-12- 3 8: 1:50.564
0.0	0.000	-0.0000 	-0.0000 	0.0000 	0.00 	5 	00000005	2015-12- 3 8: 1:50.564
0.0	0.000	-0.0000 	-0.0000 	0.0000 	0.00 	6 	00000006	2015-12- 3 8: 1:50.564
0.0	0.000	-0.0000 	-0.0000 	0.0000 	0.00 	7 	00000007	2015-12- 3 8: 1:50.564
233.3	0.014	-0.0025 	-0.0019 	0.0000 	49.99 	1 	00000001	2015-12- 3 8: 1:55.574
233.2	0.013	-0.0025 	-0.0018 	0.0000 	49.99 	2 	00000002	2015-12- 3 8: 1:55.574
0.0	0.000	-0.0000 	0.0000 	0.0000 	0.00 	3 	00000003	2015-12- 3 8: 1:55.574
0.0	0.000	-0.0000 	-0.0000 	0.0000 	0.00 	4 	00000004	2015-12- 3 8: 1:55.574
0.0	0.000	-0.0000 	-0.0000 	0.0000 	0.00 	5 	00000005	2015-12- 3 8: 1:55.574
0.0	0.000	-0.0000 	0.0000 	0.0000 	0.00 	6 	00000006	2015-12- 3 8: 1:55.574
0.0	0.000	-0.0000 	0.0000 	0.0000 	0.00 	7 	00000007	2015-12- 3 8: 1:55.574
233.0	0.013	-0.0025 	-0.0018 	0.0000 	49.99 	1 	00000001	2015-12- 3 8: 2: 0.584
0.0	0.000	-0.0000 	0.0000 	0.0000 	0.00 	3 	00000003	2015-12- 3 8: 2: 0.584
0.0	0.000	-0.0000 	-0.0000 	0.0000 	0.00 	4 	00000004	2015-12- 3 8: 2: 0.584
0.0	0.000	-0.0000 	-0.0000 	0.0000 	0.00 	5 	00000005	2015-12- 3 8: 2: 0.584
0.0	0.000	-0.0000 	-0.0000 	0.0000 	0.00 	6 	00000006	2015-12- 3 8: 2: 0.584
0.0	0.000	-0.0000 	-0.0000 	0.0000 	0.00 	7 	00000007	2015-12- 3 8: 2: 0.584
233.6	0.014	-0.0025 	-0.0019 	0.0000 	50.00 	1 	00000001	2015-12- 3 8: 2: 5.594
233.5	0.013	-0.0025 	-0.0018 	0.0000 	49.99 	2 	00000002	2015-12- 3 8: 2: 5.594
0.0	0.000	-0.0000 	-0.0000 	0.0000 	0.00 	3 	00000003	2015-12- 3 8: 2: 5.594
0.0	0.000	-0.0000 	-0.0000 	0.0000 	0.00 	4 	00000004	2015-12- 3 8: 2: 5.594
0.0	0.000	-0.0000 	-0.0000 	0.0000 	0.00 	5 	00000005	2015-12- 3 8: 2: 5.594
0.0	0.000	-0.0000 	-0.0000 	0.0000 	0.00 	6 	00000006	2015-12- 3 8: 2: 5.594
0.0	0.000	-0.0000 	-0.0000 	0.0000 	0.00 	7 	00000007	2015-12- 3 8: 2: 5.594
234.5	0.014	-0.0025 	-0.0019 	0.0000 	50.00 	1 	00000001	2015-12- 3 8: 2:10.604
234.3	0.013	-0.0025 	-0.0018 	0.0000 	50.00 	2 	00000002	2015-12- 3 8: 2:10.604
0.0	0.000	-0.0000 	0.0000 	0.0000 	0.00 	3 	00000003	2015-12- 3 8: 2:10.604
0.0	0.000	-0.0000 	0.0000 	0.0000 	0.00 	4 	00000004	2015-12- 3 8: 2:10.604
0.0	0.000	-0.0000 	-0.0000 	0.0000 	0.00 	5 	00000005	2015-12- 3 8: 2:10.604
0.0	0.000	-0.0000 	0.0000 	0.0000 	0.00 	6 	00000006	2015-12- 3 8: 2:10.604
0.0	0.000	-0.0000 	-0.0000 	0.0000 	0.00 	7 	00000007	2015-12- 3 8: 2:10.604
233.0	0.013	-0.0025 	-0.0018 	0.0000 	50.00 	2 	00000002	2015-12- 3 8: 2:15.614
0.0	0.000	-0.0000 	0.0000 	0.0000 	0.00 	3 	00000003	2015-12- 3 8: 2:15.614
0.0	0.000	-0.0000 	-0.0000 	0.0000 	0.00 	4 	00000004	2015-12- 3 8: 2:15.614
0.0	0.000	-0.0000 	0.0000 	0.0000 	0.00 	5 	00000005	2015-12- 3 8: 2:15.614
0.0	0.000	-0.0000 	-0.0000 	0.0000 	0.00 	6 	00000006	2015-12- 3 8: 2:15.614
0.0	0.000	-0.0000 	0.0000 	0.0000 	0.00 	7 	00000007	2015-12- 3 8: 2:15.614
0.0	0.000	-0.0000 	0.0000 	0.0000 	0.00 	3 	00000003	2015-12- 3 8: 2:20.624
0.0	0.000	-0.0000 	0.0000 	0.0000 	0.00 	4 	00000004	2015-12- 3 8: 2:20.624
0.0	0.000	-0.0000 	-0.0000 	0.0000 	0.00 	5 	00000005	2015-12- 3 8: 2:20.624
0.0	0.000	-0.0000 	0.0000 	0.0000 	0.00 	6 	00000006	2015-12- 3 8: 2:20.624
0.0	0.000	-0.0000 	-0.0000 	0.0000 	0.00 	7 	00000007	2015-12- 3 8: 2:20.624
0.0	0.000	-0.0000 	-0.0000 	0.0000 	0.00 	5 	00000005	2015-12- 3 8: 2:25.627
0.0	0.000	-0.0000 	-0.0000 	0.0000 	0.00 	6 	00000006	2015-12- 3 8: 2:25.627
0.0	0.000	-0.0000 	-0.0000 	0.0000 	0.00 	7 	00000007	2015-12- 3 8: 2:25.627
0.0	0.000	-0.0000 	-0.0000 	0.0000 	0.00 	7 	00000007	2015-12- 3 8: 2:30.628
